000253
000373
000291
000368
000270
000350
000187
000174
000302
000354
000343
000376
000301
000311
000138
000313
000259
000297
000327
000379
000298
000180
000197
000196
000250
000252
000124
000167
000248
000173
000378
000303
000337
000338
000162
000348
000151
000141
000346
000195
000344
000129
000294
000275
000377
000256
000139
000352
000271
000296
000347
000349
000322
000369
000147
000149
000304
000126
000200
000307
000341
000177
000121
000194
000171
000136
000330
000244
000260
000367
000131
000148
000325
000320
000323
000345
000293
000123
000169
000145
000150
000188
000176
000289
000292
000158
000170
000305
000201
000306
000364
000191
000161
000163
000358
000374
000134
000143
000153
000382
000128
000319
000324
000336
000247
000362
000312
000317
000251
000168
000227
000246
000300
000359
000127
000257
000178
000371
000186
000383
000132
000144
000255
000154
000137
000355
000192
000164
000272
000182
000309
000193
000331
000165
000321
000226
000125
000314
000160
000184
000308
000258
000326
000133
000181
000333
