     0/199     2.28G    0.0116   0.01642   0.05785       127       640    0.9164     0.784    0.8681    0.4893    0.4779    0.0102    0.0136    0.0619
     1/199     8.57G   0.01047   0.01155   0.05296        98       640    0.9262    0.7874    0.8796    0.5168    0.4934   0.00992   0.01247   0.06041
     2/199     9.07G   0.01003   0.01044    0.0513        94       640    0.8998    0.8309    0.9043    0.5471    0.5216  0.009617   0.01144   0.05937
     3/199     9.07G  0.009823   0.00988   0.05041       106       640    0.8826    0.7715    0.8668       0.5    0.4888   0.01028   0.01219   0.06187
     4/199     9.07G  0.009557  0.009385   0.04958       108       640    0.9071    0.7704    0.8729    0.5441     0.511  0.009822   0.01136   0.06032
     5/199     9.08G  0.009382  0.008991   0.04898       108       640    0.8468    0.7309    0.8096    0.4845    0.4568   0.01068   0.01279   0.06353
     6/199     9.08G  0.009199  0.008717   0.04835       107       640    0.9071    0.7888    0.8812    0.5545    0.5131   0.01001   0.01044   0.06067
     7/199     9.08G   0.00914   0.00858   0.04809       117       640    0.9293    0.8234    0.9027    0.5638    0.5273  0.009611   0.01038   0.05933
     8/199     9.08G  0.009072  0.008452   0.04771        89       640    0.9261    0.8577     0.926    0.6251      0.56  0.009268  0.009198   0.05778
     9/199     9.08G  0.008961  0.008276   0.04741        89       640     0.886     0.842    0.9076    0.5782    0.5378  0.009443   0.01007    0.0587
    10/199     9.08G  0.008928  0.008203   0.04724       104       640    0.9377    0.8182    0.9117    0.5948    0.5402  0.009492  0.009668   0.05873
    11/199     9.08G  0.008895  0.008098   0.04707       123       640    0.9041    0.8272    0.9011    0.5329    0.5132   0.01014  0.009627   0.06131
    12/199     9.08G  0.008833  0.008036   0.04705        99       640    0.9313    0.8312    0.9099    0.6165    0.5539  0.009181  0.009342   0.05735
    13/199     9.08G   0.00883  0.008029   0.04672        98       640    0.9236    0.8471    0.9265    0.6146    0.5555  0.009089  0.009132   0.05699
    14/199     9.08G  0.008754  0.007917    0.0467        80       640    0.9286    0.8536    0.9222    0.5765    0.5381  0.009629  0.009187   0.05927
    15/199     9.08G  0.008696  0.007894   0.04635       114       640    0.9483    0.8602    0.9331    0.6032    0.5603  0.009198  0.008922   0.05749
    16/199     9.08G  0.008644  0.007768   0.04623        95       640    0.9428    0.8658    0.9371    0.5991    0.5582  0.009331  0.008512   0.05809
    17/199     9.08G  0.008693  0.007791   0.04649       119       640    0.9129    0.8385    0.9122    0.5745    0.5363  0.009604   0.00913    0.0589
    18/199     9.08G  0.008605   0.00772   0.04624       129       640    0.9197    0.8476    0.9243     0.616    0.5646  0.009101   0.00903   0.05696
    19/199     9.08G   0.00858  0.007649   0.04595        94       640    0.9325    0.8441     0.933    0.6028    0.5547  0.009215  0.008864   0.05738
    20/199     9.08G  0.008563  0.007621   0.04573        99       640    0.9326    0.8578     0.927    0.5885    0.5498  0.009351  0.008733   0.05791
    21/199     9.08G  0.008589  0.007631   0.04596       102       640    0.9199    0.8591    0.9277    0.6137    0.5642  0.009181  0.008837   0.05737
    22/199     9.08G  0.008481  0.007561   0.04569        96       640    0.9409    0.8632    0.9378    0.6108    0.5597  0.009201  0.008581   0.05719
    23/199     9.08G  0.008473  0.007503   0.04585        86       640    0.9258    0.8792    0.9411    0.6093    0.5656  0.009286   0.00842    0.0574
    24/199     9.08G   0.00854  0.007531   0.04571       123       640    0.9387    0.8711    0.9374    0.6412    0.5759  0.008916  0.008239   0.05617
    25/199     9.08G  0.008466  0.007461   0.04554        81       640    0.9352    0.8812    0.9428    0.6398    0.5851  0.008869  0.008044   0.05608
    26/199     9.08G  0.008441  0.007419   0.04547       127       640    0.9345    0.8752    0.9393    0.6215    0.5689  0.009101  0.008227   0.05678
    27/199     9.08G  0.008405  0.007376   0.04533       125       640    0.9487    0.8849    0.9489     0.666     0.591  0.008773   0.00776   0.05532
    28/199     9.08G   0.00839  0.007377   0.04536       105       640    0.9428    0.8769    0.9417    0.6176    0.5673  0.009126  0.008162   0.05723
    29/199     9.08G  0.008385  0.007309   0.04524       138       640    0.9483    0.8816     0.951    0.6579    0.5942  0.008699  0.007734   0.05508
    30/199     9.08G  0.008371   0.00733   0.04511       100       640    0.9581     0.893    0.9562    0.6501    0.5889  0.008665  0.007685   0.05526
    31/199     9.08G  0.008358    0.0073   0.04503       100       640    0.9406     0.883    0.9464    0.6316    0.5799  0.008908  0.007876   0.05592
    32/199     9.08G  0.008355  0.007265   0.04493       103       640    0.9533     0.884    0.9507    0.6375    0.5836  0.008866  0.007794   0.05601
    33/199     9.08G  0.008336  0.007253   0.04509       123       640     0.943    0.8829    0.9456    0.6527    0.5882  0.008726   0.00794   0.05505
    34/199     9.08G  0.008332  0.007288   0.04519       125       640    0.9439    0.8912    0.9525    0.6501    0.5894  0.008737  0.007687   0.05544
    35/199     9.08G  0.008315  0.007222   0.04502       120       640     0.942    0.8905      0.95    0.6571    0.5943  0.008637  0.007765   0.05461
    36/199     9.08G  0.008268  0.007195   0.04465       130       640    0.9458    0.9032    0.9569    0.6508    0.5882  0.008662  0.007502   0.05492
    37/199     9.08G  0.008244  0.007172   0.04488       103       640     0.943    0.8779    0.9414    0.6385    0.5794  0.008875  0.007842   0.05563
    38/199     9.08G  0.008232  0.007111   0.04458       106       640    0.9521    0.8752    0.9464    0.6514     0.586  0.008783   0.00774   0.05536
    39/199     9.08G  0.008271  0.007154     0.045        94       640    0.9364    0.8785    0.9379    0.6436    0.5808  0.008952  0.007881   0.05605
    40/199     9.08G   0.00824  0.007128   0.04478       117       640    0.9588     0.888    0.9503    0.6496    0.5902   0.00884  0.007457   0.05559
    41/199     9.08G  0.008199  0.007132   0.04469       107       640    0.9507    0.8995    0.9545     0.663    0.5971  0.008605  0.007437   0.05492
    42/199     9.08G  0.008225  0.007119   0.04472       104       640    0.9462    0.8927    0.9488    0.6547    0.5902  0.008835  0.007585   0.05582
    43/199     9.08G  0.008175  0.007034   0.04452       117       640    0.9461    0.8979    0.9528    0.6637    0.5951  0.008685  0.007374   0.05509
    44/199     9.08G   0.00816  0.006991   0.04437        99       640    0.9492    0.8886    0.9481    0.6597    0.5945  0.008739  0.007442   0.05536
    45/199     9.08G   0.00819   0.00705   0.04452       116       640    0.9425    0.9001     0.954    0.6748    0.6044  0.008516  0.007421   0.05432
    46/199     9.08G  0.008208  0.007082   0.04462       122       640    0.9503    0.8985    0.9554    0.6745    0.6062   0.00849  0.007264   0.05444
    47/199     9.08G   0.00819  0.007046   0.04461        95       640    0.9505    0.8916    0.9503    0.6645    0.5954  0.008672  0.007418   0.05499
    48/199     9.08G  0.008169  0.007035   0.04458       136       640    0.9441    0.8953    0.9498    0.6558    0.5904  0.008751  0.007324   0.05535
    49/199     9.08G  0.008186  0.007026   0.04456        98       640    0.9443    0.8919    0.9484    0.6639    0.5956    0.0087  0.007308   0.05507
    50/199     9.08G  0.008162   0.00696   0.04444       105       640    0.9473    0.8967     0.951    0.6762    0.6022  0.008556  0.007203   0.05459
    51/199     9.08G  0.008132  0.006972   0.04436        93       640    0.9446    0.8912    0.9477    0.6659    0.5972  0.008635  0.007291     0.055
    52/199     9.08G  0.008128  0.006984   0.04426       106       640    0.9407    0.8901    0.9466    0.6688    0.6007  0.008611  0.007365   0.05493
    53/199     9.08G  0.008085  0.006918   0.04423       102       640    0.9563    0.8889    0.9518    0.6698    0.6016  0.008598  0.007167   0.05457
    54/199     9.08G  0.008083  0.006916   0.04403       126       640    0.9418    0.9008    0.9512    0.6761    0.6032  0.008586    0.0072   0.05457
    55/199     9.08G  0.008003  0.006806   0.04386       140       640    0.9496    0.9016    0.9551    0.6773    0.6048  0.008559  0.007091   0.05454
    56/199     9.08G  0.008077   0.00688   0.04404        98       640    0.9482    0.8958    0.9553    0.6725    0.6027  0.008585  0.007086   0.05468
    57/199     9.08G  0.008053  0.006864   0.04403       114       640     0.947     0.902     0.955    0.6673    0.6025  0.008618  0.007104   0.05484
    58/199     9.08G   0.00801  0.006825   0.04383        95       640    0.9424    0.9048    0.9543    0.6637    0.6017  0.008609   0.00713    0.0549
    59/199     9.08G   0.00803  0.006842   0.04392       142       640    0.9445    0.8987    0.9531      0.66    0.6005   0.00865  0.007183   0.05504
    60/199     9.08G  0.008022  0.006822   0.04382       112       640    0.9453    0.8994    0.9547    0.6657    0.6015  0.008594  0.007117   0.05486
    61/199     9.08G  0.008022  0.006839   0.04369        93       640    0.9436    0.9027    0.9557    0.6682    0.6041  0.008591   0.00707   0.05485
    62/199     9.08G   0.00797   0.00681   0.04379        91       640    0.9494     0.907    0.9584    0.6708    0.6058  0.008547  0.006989   0.05471
    63/199     9.08G  0.007982  0.006801   0.04374        98       640    0.9598    0.8977    0.9578    0.6672    0.6039  0.008615   0.00705   0.05489
    64/199     9.08G  0.008002  0.006802   0.04377       112       640    0.9551    0.9017    0.9578    0.6676    0.6015  0.008638  0.007034    0.0549
    65/199     9.08G  0.007964   0.00678   0.04364       102       640    0.9525    0.9101    0.9609    0.6689    0.6048  0.008592  0.006946   0.05471
    66/199     9.08G  0.007959  0.006732   0.04371       111       640    0.9557    0.9056    0.9602    0.6728    0.6058  0.008564  0.006945   0.05456
    67/199     9.08G  0.007981  0.006756   0.04358       123       640    0.9488    0.9107    0.9584     0.674    0.6078  0.008517  0.006916   0.05438
    68/199     9.08G   0.00795   0.00674   0.04375       124       640    0.9581    0.9015    0.9585      0.68    0.6087  0.008498  0.006906   0.05431
    69/199     9.08G  0.007964  0.006735   0.04377       102       640    0.9597     0.898    0.9574    0.6803    0.6111  0.008489  0.006888   0.05435
    70/199     9.08G  0.007927  0.006708   0.04344        88       640    0.9535    0.9047    0.9575    0.6798    0.6117  0.008464  0.006862   0.05425
    71/199     9.08G  0.007889   0.00669   0.04355       142       640     0.953    0.9051    0.9576    0.6768    0.6116  0.008474  0.006871   0.05428
    72/199     9.08G  0.007884  0.006664   0.04328       125       640    0.9485    0.9077    0.9577    0.6786    0.6108   0.00848  0.006878    0.0543
    73/199     9.08G  0.007866  0.006668   0.04324       123       640    0.9502     0.905    0.9568    0.6758    0.6091  0.008487  0.006919   0.05435
    74/199     9.08G  0.007889   0.00665   0.04354        96       640    0.9594    0.8975    0.9572    0.6743    0.6096  0.008474  0.006915   0.05431
    75/199     9.08G  0.007873  0.006675   0.04333        98       640    0.9537    0.9018    0.9577    0.6802    0.6115  0.008438  0.006896   0.05415
    76/199     9.08G  0.007842   0.00661   0.04327       100       640    0.9551    0.9015    0.9587    0.6849    0.6122  0.008422  0.006863    0.0541
    77/199     9.08G   0.00783  0.006619   0.04318       111       640     0.956     0.901     0.959    0.6839    0.6135  0.008423  0.006854   0.05412
    78/199     9.08G  0.007837  0.006622   0.04322       102       640    0.9558    0.9028    0.9598    0.6836     0.614  0.008412  0.006841   0.05409
    79/199     9.08G  0.007863  0.006616   0.04332       114       640    0.9558    0.9038    0.9602    0.6855    0.6152  0.008388  0.006816     0.054
    80/199     9.08G  0.007881   0.00664   0.04335       119       640    0.9583    0.9026    0.9604    0.6851    0.6155  0.008377  0.006801   0.05396
    81/199     9.08G  0.007805  0.006591   0.04313        83       640    0.9594     0.902    0.9609    0.6867    0.6158  0.008364  0.006784   0.05393
    82/199     9.08G  0.007806  0.006596   0.04324       114       640    0.9591    0.9034    0.9617    0.6867    0.6162  0.008355  0.006775   0.05389
    83/199     9.08G  0.007813  0.006564   0.04316       116       640    0.9558    0.9071     0.962    0.6873    0.6167  0.008346   0.00676   0.05385
    84/199     9.08G  0.007805  0.006573   0.04321        97       640     0.954    0.9104    0.9625    0.6886    0.6181  0.008335  0.006732   0.05379
    85/199     9.08G  0.007793  0.006554   0.04318        97       640    0.9537     0.912    0.9625    0.6893    0.6181  0.008322  0.006709   0.05375
    86/199     9.08G  0.007761  0.006522   0.04302       101       640    0.9578    0.9082    0.9634    0.6892    0.6181   0.00833  0.006709   0.05378
    87/199     9.08G  0.007732  0.006505   0.04284       103       640    0.9501    0.9156    0.9639    0.6872    0.6178  0.008332  0.006698   0.05379
    88/199     9.08G  0.007744  0.006494   0.04288        99       640    0.9621    0.9059    0.9641    0.6884    0.6181  0.008332  0.006688    0.0538
    89/199     9.08G   0.00775  0.006499   0.04296       115       640    0.9556    0.9117    0.9639     0.689    0.6176  0.008336  0.006679   0.05382
    90/199     9.08G  0.007772  0.006537   0.04298       117       640    0.9558    0.9121    0.9637    0.6887    0.6181  0.008335  0.006673   0.05383
    91/199     9.08G  0.007703  0.006475   0.04287       107       640    0.9563    0.9112    0.9635    0.6888    0.6181  0.008329  0.006663   0.05381
    92/199     9.08G  0.007722  0.006499   0.04294        98       640    0.9557    0.9113    0.9635    0.6872    0.6176   0.00833  0.006663   0.05381
    93/199     9.08G  0.007714  0.006529   0.04299       123       640    0.9502    0.9171    0.9634    0.6866    0.6172  0.008333  0.006663   0.05383
    94/199     9.08G  0.007698  0.006411   0.04267       116       640    0.9505     0.918    0.9638     0.686    0.6177  0.008337  0.006656   0.05386
    95/199     9.08G  0.007713  0.006447    0.0428        98       640    0.9488     0.919    0.9636    0.6855     0.617  0.008343  0.006653    0.0539
    96/199     9.08G  0.007677  0.006447   0.04263       101       640    0.9498    0.9184    0.9636    0.6855    0.6168  0.008344  0.006652   0.05392
    97/199     9.08G  0.007671  0.006434   0.04266       124       640    0.9521    0.9162    0.9636    0.6866    0.6168  0.008344  0.006652   0.05392
    98/199     9.08G  0.007688  0.006423   0.04263       110       640    0.9506    0.9176    0.9635     0.687    0.6161  0.008345   0.00665   0.05393
    99/199     9.08G  0.007659    0.0064   0.04264       121       640    0.9496    0.9183    0.9629    0.6871    0.6166  0.008343  0.006647   0.05394
   100/199     9.08G  0.007678  0.006417   0.04269       116       640    0.9493    0.9196    0.9631    0.6886    0.6166  0.008341  0.006641   0.05393
   101/199     9.08G  0.007653  0.006389   0.04254       118       640    0.9522    0.9169    0.9629    0.6905    0.6168   0.00834  0.006634   0.05394
   102/199     9.08G  0.007641  0.006386   0.04249       118       640    0.9521    0.9168    0.9628    0.6925    0.6179  0.008333  0.006628   0.05391
   103/199     9.08G  0.007601  0.006352   0.04246        93       640    0.9493    0.9192    0.9623    0.6931    0.6179  0.008328  0.006622   0.05389
   104/199     9.08G  0.007626  0.006339   0.04267        91       640    0.9499    0.9185    0.9622     0.693    0.6176  0.008327  0.006619   0.05389
   105/199     9.08G  0.007628  0.006352   0.04253       123       640    0.9491    0.9193    0.9625    0.6915    0.6171  0.008329  0.006616    0.0539
   106/199     9.08G  0.007617  0.006361   0.04251       114       640     0.954    0.9141    0.9625    0.6912    0.6171  0.008329  0.006611    0.0539
   107/199     9.08G  0.007609  0.006357   0.04248       120       640    0.9534    0.9143    0.9628    0.6921    0.6174  0.008329   0.00661    0.0539
   108/199     9.08G  0.007551  0.006331   0.04221        89       640    0.9532    0.9144    0.9626    0.6912    0.6167  0.008332  0.006607   0.05393
   109/199     9.08G  0.007552  0.006312   0.04233        93       640    0.9481    0.9189    0.9626    0.6912    0.6167  0.008336  0.006608   0.05395
   110/199     9.08G  0.007542  0.006297   0.04211       118       640    0.9538    0.9129    0.9627    0.6926     0.617  0.008336  0.006605   0.05395
   111/199     9.08G  0.007585  0.006318   0.04223       120       640    0.9572      0.91    0.9628    0.6912    0.6167  0.008335  0.006604   0.05395
   112/199     9.08G  0.007522  0.006254   0.04224       117       640    0.9573    0.9093    0.9626    0.6903    0.6165  0.008336  0.006601   0.05396
   113/199     9.08G  0.007525  0.006252   0.04227        93       640    0.9585    0.9077    0.9623    0.6907    0.6164  0.008338  0.006598   0.05397
   114/199     9.08G  0.007504  0.006276   0.04207       100       640    0.9585    0.9083    0.9627    0.6907    0.6158  0.008339  0.006596   0.05398
   115/199     9.08G  0.007548  0.006298   0.04229        84       640    0.9595    0.9078    0.9625    0.6914    0.6163  0.008338  0.006596   0.05398
   116/199     9.08G  0.007487  0.006247   0.04214       107       640     0.959     0.908    0.9626    0.6888    0.6161  0.008338  0.006597   0.05398
   117/199     9.08G  0.007485  0.006216   0.04203       111       640     0.959    0.9076    0.9629    0.6886     0.616   0.00834  0.006597   0.05399
   118/199     9.08G  0.007441   0.00619   0.04193       104       640     0.957    0.9093    0.9625    0.6888    0.6166  0.008339  0.006591   0.05399
   119/199     9.08G  0.007461  0.006192   0.04202       119       640    0.9574    0.9085    0.9625    0.6882    0.6165   0.00834  0.006589     0.054
   120/199     9.08G  0.007505  0.006212   0.04202       113       640    0.9632    0.9037    0.9627    0.6872    0.6163  0.008343  0.006588   0.05401
   121/199     9.08G  0.007485  0.006225   0.04194       104       640     0.964    0.9032     0.963    0.6865    0.6156  0.008345  0.006587   0.05402
   122/199     9.08G  0.007398  0.006168   0.04171       108       640    0.9634     0.904    0.9629    0.6865    0.6157  0.008349  0.006587   0.05403
   123/199     9.08G  0.007411  0.006145   0.04172        95       640    0.9638    0.9036    0.9629    0.6882    0.6161  0.008351  0.006586   0.05405
   124/199     9.08G  0.007455  0.006186   0.04194       110       640     0.964    0.9036    0.9628    0.6871    0.6161  0.008355  0.006588   0.05407
   125/199     9.08G  0.007414  0.006161   0.04187       115       640    0.9635     0.904    0.9625    0.6868    0.6157  0.008355   0.00659   0.05407
   126/199     9.08G  0.007391  0.006107    0.0417       102       640    0.9638    0.9035    0.9625    0.6883    0.6152  0.008357   0.00659   0.05408
   127/199     9.08G  0.007387  0.006123   0.04179        87       640    0.9567    0.9097    0.9625    0.6885    0.6155  0.008356  0.006588   0.05408
   128/199     9.08G  0.007371  0.006094   0.04159       101       640    0.9602    0.9059    0.9627    0.6891    0.6157  0.008356  0.006589   0.05409
   129/199     9.08G  0.007392  0.006122    0.0418        83       640    0.9619     0.905    0.9629    0.6877    0.6153  0.008356  0.006591   0.05409
   130/199     9.08G  0.007411  0.006127   0.04182       103       640    0.9622    0.9049    0.9628     0.688    0.6154  0.008357  0.006591    0.0541
   131/199     9.08G  0.007344   0.00608   0.04163       141       640    0.9623    0.9042    0.9625    0.6876    0.6155  0.008359  0.006592   0.05412
   132/199     9.08G  0.007349  0.006115   0.04151       129       640     0.962    0.9046    0.9625    0.6885    0.6152  0.008363  0.006591   0.05414
   133/199     9.08G  0.007301  0.006041   0.04144        96       640    0.9627    0.9044    0.9625     0.689    0.6154  0.008363  0.006589   0.05414
   134/199     9.08G   0.00733  0.006041   0.04141       119       640    0.9621    0.9051    0.9626    0.6888    0.6154  0.008365  0.006591   0.05416
   135/199     9.08G  0.007335  0.006035   0.04154        91       640    0.9616    0.9051    0.9625    0.6872    0.6154  0.008366   0.00659   0.05417
   136/199     9.08G  0.007286  0.006061   0.04138       104       640    0.9611     0.905    0.9624    0.6891    0.6155  0.008366  0.006588   0.05417
   137/199     9.08G  0.007294  0.006062   0.04148        97       640    0.9603    0.9057    0.9625    0.6889    0.6153  0.008369  0.006586   0.05419
   138/199     9.08G  0.007301   0.00604    0.0415        93       640    0.9595    0.9065    0.9624    0.6885    0.6154  0.008368  0.006584   0.05419
   139/199     9.08G   0.00727  0.005999   0.04136       100       640    0.9527    0.9127    0.9626    0.6876    0.6153  0.008367  0.006582   0.05419
   140/199     9.08G  0.007247  0.005983   0.04121       107       640    0.9443    0.9201    0.9626    0.6865    0.6149  0.008367   0.00658    0.0542
   141/199     9.08G  0.007283  0.006031   0.04136       110       640    0.9448    0.9199    0.9624    0.6853    0.6147   0.00837  0.006581   0.05422
   142/199     9.08G  0.007239  0.005988   0.04126       109       640    0.9547    0.9107    0.9625    0.6862    0.6149  0.008369  0.006581   0.05422
   143/199     9.08G  0.007235  0.005995   0.04123       117       640    0.9446    0.9202    0.9626    0.6881     0.615  0.008368  0.006577   0.05422
   144/199     9.08G  0.007231  0.005989    0.0412        96       640    0.9448    0.9201    0.9627    0.6877    0.6148  0.008371  0.006575   0.05424
   145/199     9.08G  0.007225  0.005964   0.04128       102       640    0.9442    0.9203    0.9623    0.6877     0.615  0.008372  0.006575   0.05425
   146/199     9.08G  0.007194  0.005936   0.04115       103       640    0.9634    0.9033    0.9624    0.6868     0.615  0.008371  0.006573   0.05425
   147/199     9.08G  0.007203  0.005939   0.04103       130       640    0.9632    0.9032    0.9621    0.6867    0.6151  0.008373  0.006572   0.05426
   148/199     9.08G  0.007134    0.0059   0.04091        95       640    0.9545     0.911    0.9623    0.6863    0.6148  0.008373  0.006572   0.05427
   149/199     9.08G  0.007182  0.005952   0.04101       114       640    0.9496    0.9156    0.9624    0.6859    0.6154  0.008374  0.006572   0.05428
   150/199     9.08G  0.007142  0.005889   0.04096       117       640    0.9659    0.9007    0.9624    0.6864    0.6154  0.008373  0.006572   0.05429
   151/199     9.08G  0.007166  0.005911   0.04099       110       640    0.9648    0.9018    0.9623    0.6874    0.6159  0.008371  0.006568   0.05428
   152/199     9.08G  0.007165  0.005908   0.04102       117       640    0.9486    0.9165    0.9625    0.6866    0.6157  0.008371  0.006568   0.05429
   153/199     9.08G   0.00717  0.005923   0.04098        96       640    0.9494    0.9148    0.9623    0.6868    0.6156  0.008371  0.006569   0.05429
   154/199     9.08G  0.007135  0.005884   0.04086       109       640    0.9428    0.9205    0.9621    0.6863    0.6157  0.008372   0.00657    0.0543
   155/199     9.08G  0.007144  0.005875   0.04092       109       640    0.9427    0.9209    0.9625    0.6857    0.6156  0.008376  0.006573   0.05432
   156/199     9.08G  0.007072  0.005846    0.0407        96       640    0.9612    0.9039    0.9622    0.6862    0.6156  0.008377  0.006575   0.05433
   157/199     9.08G  0.007097  0.005858   0.04082        95       640    0.9439    0.9204    0.9623    0.6842    0.6154  0.008379  0.006577   0.05435
   158/199     9.08G  0.007082  0.005836   0.04068        90       640    0.9438    0.9201    0.9625     0.685    0.6154  0.008381  0.006578   0.05436
   159/199     9.08G  0.007091  0.005858   0.04072       119       640    0.9647    0.9008    0.9623    0.6858    0.6155  0.008383  0.006582   0.05437
   160/199     9.08G  0.007115  0.005874   0.04074       119       640    0.9627    0.9029    0.9629    0.6849    0.6156  0.008385  0.006582   0.05438
   161/199     9.08G  0.007064  0.005839    0.0406        99       640    0.9633    0.9019    0.9625    0.6844    0.6152  0.008388  0.006581   0.05441
   162/199     9.08G  0.007084  0.005851   0.04064        89       640    0.9416    0.9213    0.9619     0.684    0.6151  0.008391  0.006581   0.05443
   163/199     9.08G   0.00704  0.005806   0.04049       117       640    0.9622    0.9024    0.9619    0.6852     0.615  0.008395  0.006581   0.05445
   164/199     9.08G  0.007039  0.005809   0.04058       111       640    0.9616    0.9028    0.9618    0.6843    0.6148  0.008397  0.006582   0.05448
   165/199     9.08G  0.007003  0.005766   0.04038       109       640    0.9613    0.9028    0.9616    0.6834    0.6147  0.008398  0.006581   0.05449
   166/199     9.08G  0.006996  0.005748    0.0405       114       640    0.9465    0.9162    0.9618    0.6836    0.6146  0.008398  0.006581    0.0545
   167/199     9.08G   0.00701  0.005785   0.04037        93       640    0.9476    0.9149    0.9614    0.6844    0.6145  0.008399  0.006579   0.05451
   168/199     9.08G  0.006987  0.005765   0.04027       111       640    0.9478    0.9144    0.9613    0.6833    0.6147  0.008399  0.006577   0.05452
   169/199     9.08G  0.006986  0.005763   0.04033       102       640    0.9505    0.9113     0.961     0.683    0.6144    0.0084  0.006577   0.05454
   170/199     9.08G  0.007018  0.005778   0.04044       124       640    0.9489    0.9124    0.9607     0.683    0.6143  0.008404  0.006577   0.05456
   171/199     9.08G  0.006959  0.005753   0.04037        91       640    0.9475    0.9137    0.9609    0.6836    0.6144  0.008405  0.006576   0.05458
   172/199     9.08G  0.006943  0.005744    0.0402       104       640    0.9485    0.9129    0.9609     0.684    0.6144  0.008406  0.006576   0.05459
   173/199     9.08G  0.006943  0.005707   0.04022       107       640     0.948    0.9131    0.9609    0.6844    0.6141  0.008406  0.006574    0.0546
   174/199     9.08G  0.006942  0.005732   0.04025       105       640    0.9473    0.9131    0.9605    0.6845    0.6141  0.008405  0.006572   0.05461
   175/199     9.08G   0.00696  0.005739   0.04025       133       640    0.9459    0.9142    0.9604    0.6833    0.6141  0.008405   0.00657   0.05462
   176/199     9.08G  0.006904  0.005704   0.04016        95       640    0.9464    0.9144    0.9603    0.6833    0.6139  0.008406   0.00657   0.05464
   177/199     9.08G  0.006947  0.005744   0.04021       105       640    0.9471    0.9137    0.9604    0.6825    0.6135  0.008407  0.006567   0.05465
   178/199     9.08G  0.006924  0.005689   0.03998       107       640    0.9475    0.9133    0.9602    0.6836    0.6136  0.008407  0.006563   0.05467
   179/199     9.08G    0.0069  0.005713   0.04005       106       640    0.9477    0.9122    0.9601    0.6829    0.6138  0.008405  0.006558   0.05468
   180/199     9.08G  0.006913  0.005703   0.04003       105       640    0.9629    0.8985    0.9601    0.6828    0.6139  0.008404  0.006556   0.05469
   181/199     9.08G  0.006872  0.005672   0.04001       130       640    0.9637    0.8982    0.9605    0.6826     0.614  0.008405  0.006555   0.05471
   182/199     9.08G  0.006869  0.005672    0.0399       128       640    0.9633    0.8989    0.9608    0.6822    0.6142  0.008403  0.006551   0.05471
   183/199     9.08G  0.006843  0.005625   0.03991       110       640    0.9553    0.9059    0.9607    0.6816    0.6141  0.008404  0.006548   0.05472
   184/199     9.08G  0.006865  0.005648   0.03989       121       640    0.9551    0.9064    0.9608     0.683    0.6141  0.008404  0.006543   0.05474
   185/199     9.08G  0.006863  0.005665   0.03998       118       640    0.9555    0.9066     0.961    0.6828    0.6146  0.008402  0.006535   0.05475
   186/199     9.08G  0.006839   0.00564   0.03993       123       640    0.9549    0.9073    0.9607    0.6825    0.6144  0.008401  0.006531   0.05476
   187/199     9.08G   0.00683  0.005652    0.0399       117       640    0.9545    0.9071    0.9604    0.6825    0.6147  0.008401  0.006529   0.05476
   188/199     9.08G  0.006848  0.005658   0.03976       112       640    0.9552    0.9065    0.9601    0.6817    0.6144  0.008399  0.006528   0.05477
   189/199     9.08G  0.006884  0.005681   0.03998       104       640    0.9547     0.907    0.9601    0.6823     0.614  0.008398  0.006527   0.05477
   190/199     9.08G  0.006849  0.005666   0.03986       104       640    0.9572    0.9055    0.9605     0.681    0.6143    0.0084  0.006521   0.05479
   191/199     9.08G  0.006854   0.00565   0.04003       106       640    0.9565    0.9056    0.9601    0.6814    0.6141    0.0084   0.00652    0.0548
   192/199     9.08G  0.006812  0.005622   0.03986       104       640    0.9543    0.9081    0.9603    0.6821    0.6138  0.008399  0.006518    0.0548
   193/199     9.08G  0.006813  0.005621    0.0396       103       640    0.9537    0.9081    0.9603    0.6828    0.6139  0.008399  0.006517   0.05481
   194/199     9.08G  0.006833  0.005642   0.03983       106       640    0.9541     0.908    0.9601    0.6826    0.6137  0.008401  0.006519   0.05484
   195/199     9.08G  0.006803  0.005598   0.03968       106       640    0.9535    0.9082    0.9597    0.6835    0.6137  0.008404  0.006519   0.05486
   196/199     9.08G  0.006813  0.005629   0.03982        90       640    0.9532    0.9082    0.9596    0.6826    0.6137  0.008407  0.006522   0.05489
   197/199     9.08G  0.006809  0.005597   0.03969       121       640    0.9578    0.9041    0.9596    0.6824    0.6138   0.00841   0.00652   0.05491
   198/199     9.08G  0.006816  0.005646   0.03976       124       640    0.9562    0.9047    0.9594     0.681    0.6132  0.008413  0.006522   0.05494
   199/199     9.08G  0.006806  0.005622   0.03973       118       640    0.9575    0.9036    0.9592    0.6814    0.6132  0.008414   0.00652   0.05496
